[-4.70022,0,0][0,0,0,1][1,1,1][0,0,0][1,1,1]
[-1.75008,0,0][0,0,0,1][1,1,1][0,0,0][1,1,1]
[1.45007,0,0][0,0,0,1][1,1,1][0,0,0][1,1,1]
[3.95019,0,0][0,0,0,1][1,1,1][0,0,0][1,1,1]
[0,0,3.00014][0,0,0,1][1,1,1][0,0,0][1,1,1]
[3.70018,0,2.70013][0,0,0,1][1,1,1][0,0,0][1,1,1]
[-3.60018,0,2.80014][0,0,0,1][1,1,1][0,0,0][1,1,1]
[-6.90035,0,6.40032][0,0,0,1][1,1,1][0,0,0][1,1,1]
[-3.95021,0,-3.15017][0,0,0,1][1,1,1][0,0,0][1,1,1]
[-80.3686,4.65041,128.709][0,0,0,1][1,1,1][0,0,0][4.20342,4.72361,7.7315]
[-78.7061,4.52269,145.762][0,0,0,1][1,1,1][0,0,0][2.70172,4.88322,6.36498]
[-114.996,6.74988,138.035][0,0,0,1][3.72151,3.72151,3.72151][0,0,0][1,1.94853,1]
[-86.6485,3.61022,122.854][0,0,0,1][1,1,1][0,0,0][1.89353,3.97294,1]
[-103.307,3.85452,122.182][0,0,0,1][1,1,1][0,0,0][9.96975,4.26953,1.79052]
[-100.014,3.03572,109.924][0,0,0,1][1,1,1][0,0,0][12.5202,3.49636,4.321]
[-84.0579,3.56668,116.892][0,-0.420267,0,0.9074][1,1,1][0,0,0][5.23449,3.93815,3.48187]
[-87.7253,4.45203,156.392][0,0,0,1][1,1,1][0,0,0][9.77286,4.6522,13.7729]
[-118.855,3.70005,168.926][0,0,0,1][1,1,1][0,0,0][22.5219,4.34927,2.29264]
[-126,6.14247,158.842][0,-0.40347,0,0.914993][1,1,1][0,0,0][12.539,6.6007,3.19303]
[-125.183,5.00768,153.241][0,0.903583,0,0.428413][1,1,1][0,0,0][1.4384,5.65937,1.80548]
[-119.693,5.11312,159.551][0,0.907409,0,0.420249][1,1,1][0,0,0][1.38975,5.40148,1.67562]
[-125.8,3.68321,107.359][0,0.999986,0,0.00535437][1,1,1][0,0,0][13.6716,4.24393,3.21967]
[-132.401,1.18857,116.592][0,-0.707399,0,0.706814][1,1,1][0,0,0][6.26782,2.28576,1.32667]
[-136.438,4.20753,119.335][0,0,0,1][1,1,1][0,0,0][2.81385,4.99637,9.54318]
[-126.231,4.2378,124.613][0,0,0,1][1,1,1][0,0,0][8.12427,4.55308,4.16781]
[-144.447,2.45738,93.8731][0,0.892214,0,0.451613][1,1,1][0,0,0][11.4335,2.95021,3.50807]
[-168.981,2.71417,86.0006][0,0.999992,0,0.00397363][1,1,1][0,0,0][15.5169,3.29103,2.97966]
[-197.783,9.15185,100.167][0,-0.708539,0,0.705672][1,1,1][0,0,0][16.5031,10.2255,4.85623]
[-187.35,4.46967,85.7062][0,0.975619,0,0.219471][1,1,1][0,0,0][5.50122,4.60767,2.03221]
[-178.693,1.46375,94.0586][0,0.873906,0,-0.486095][1.84444,1.84444,1.84444][0,0,0][1,1,1]
[-185.247,1.63717,101.474][0,0.95535,0,-0.295475][1.80927,1.80927,1.80927][0,0,0][1,1,1]
[-188.767,8.26969,109.306][0,-0.701629,0,0.712542][4.97257,4.97257,4.97257][0,0,0][1.46124,1.91145,1]
[-153.424,5.67118,123.423][0,0,0,1][1,1,1][0,0,0][16.8821,6.6097,5.48107]
[-182,6.07899,120.806][0,0,0,1][1,1,1][0,0,0][5.22521,6.39028,9.40718]
[-195.433,9.35382,139.308][0,-0.705228,0,0.70898][1,1,1][0,0,0][22.958,8.67108,4.80689]
[-189.607,10.1792,176.134][0,-0.703921,0,0.710279][1,1,1][0,0,0][16.9093,10.546,6.57294]
[-173.412,9.97764,184.642][0,0,0,1][2.38814,2.38814,2.38814][0,0,0][1.25225,4.01909,1.86159]
[-167.168,3.0156,192.078][0,0,0,1][1,1,1][0,0,0][16.9586,4.19245,3.43203]
[-145.831,4.65985,179.993][0,0.465576,0,0.885008][1,1,1][0,0,0][13.3656,5.47765,3.81194]
[-138.44,5.51678,161.475][0,0.711185,0,0.703005][1,1,1][0,0,0][7.49949,6.82802,3.91729]
[-151.599,7.38969,151.719][0,1,0,-0.000578795][1,1,1][0,0,0][19.0532,8.01205,4.04555]
[-181.109,7.01509,156.34][0,0.999911,0,-0.0133409][1,1,1][0,0,0][3.94019,8.29764,8.76623]
[-162.012,5.0266,160.738][0,0,0,1][1,1,1][0,0,0][7.99731,5.60204,2.42112]
[-168.419,6.00611,156.674][0,0.999995,0,-0.00318389][1,1,1][0,0,0][1.87696,7.00875,3.46545]
[-158.62,4.53246,131.328][0,-0.71016,0,0.70404][1,1,1][0,0,0][3.61666,6.85377,5.08455]
[-158.51,5.61452,145.607][0,-0.706062,0,0.70815][1,1,1][0,0,0][4.55088,5.21527,5.04212]
[-147.845,6.91297,145.909][0,-0.700109,0,0.714036][1,1,1][0,0,0][2.48994,4.55017,5.8991]
